0,0
1,1
2,2
3,3
4,4
5,5
6,0,1
7,0,2
8,0,3
9,0,4
10,0,5
11,1,2
12,1,3
13,1,4
14,1,5
15,2,3
16,2,4
17,2,5
18,3,4
19,3,5
20,4,5
21,0,1,2
22,0,1,3
23,0,1,4
24,0,1,5
25,0,2,3
26,0,2,4
27,0,2,5
28,0,3,4
29,0,3,5
30,0,4,5
31,1,2,3
32,1,2,4
33,1,2,5
34,1,3,4
35,1,3,5
36,1,4,5
37,2,3,4
38,2,3,5
39,2,4,5
40,3,4,5
41,0,1,2,3
42,0,1,2,4
43,0,1,2,5
44,0,1,3,4
45,0,1,3,5
46,0,1,4,5
47,0,2,3,4
48,0,2,3,5
49,0,2,4,5
50,0,3,4,5
51,1,2,3,4
52,1,2,3,5
53,1,2,4,5
54,1,3,4,5
55,2,3,4,5
56,0,1,2,3,4
57,0,1,2,3,5
58,0,1,2,4,5
59,0,1,3,4,5
60,0,2,3,4,5
61,1,2,3,4,5
62,0,1,2,3,4,5